MD5Version 10
commandline ""

numFrames 11
numJoints 9
frameRate 24
numAnimatedComponents 54

hierarchy {
	"Pelvis"	-1 63 0	//
	"Leg.L"	0 63 6	// Pelvis
	"Leg.R"	0 63 12	// Pelvis
	"Torso"	0 63 18	// Pelvis
	"Arm.R"	3 63 24	// Torso
	"Hand.R"	4 63 30	// Arm.R
	"Head"	3 63 36	// Torso
	"Arm.L"	3 63 42	// Torso
	"Hand.L"	7 63 48	// Arm.L
}

bounds {
	( -0.861345 -0.861345 -0.861345 ) ( -0.861345 2.374975 1.980100 )
	( -0.823035 -0.823035 -0.823035 ) ( -0.823035 2.382054 1.987179 )
	( -0.794054 -0.794054 -0.794054 ) ( -0.794054 2.381651 1.986775 )
	( -0.863375 -0.863375 -0.863375 ) ( -0.863375 2.374268 1.979393 )
	( -0.813198 -0.813198 -0.813198 ) ( -0.813198 2.383530 1.988654 )
	( -0.861345 -0.861345 -0.861345 ) ( -0.861345 2.374975 1.980100 )
	( -0.961427 -0.961427 -0.961427 ) ( -0.961427 2.383530 1.988654 )
	( -1.013106 -1.013106 -1.013106 ) ( -1.013106 2.374268 1.979393 )
	( -0.977650 -0.977650 -0.977650 ) ( -0.977650 2.381651 1.986775 )
	( -0.900563 -0.900563 -0.900563 ) ( -0.900563 2.382054 1.987179 )
	( -0.861345 -0.861345 -0.861345 ) ( -0.861345 2.374975 1.980100 )
}

baseframe {
	( 0.000000 0.000000 0.000000 ) ( 0.000000 -0.000000 0.000000 )
	( 0.301529 -0.000000 -0.271684 ) ( -0.000000 -0.704060 0.710140 )
	( -0.301500 0.000000 -0.271684 ) ( 0.000000 0.742130 -0.670257 )
	( 0.000000 0.000000 0.000000 ) ( 0.000000 0.707107 0.707107 )
	( 0.605660 0.787441 -0.000000 ) ( -0.711592 -0.064490 0.054438 )
	( 0.033625 0.450514 -0.052614 ) ( 0.088553 -0.668776 -0.082256 )
	( 0.000000 1.064614 0.000000 ) ( -0.000000 -0.334228 0.000000 )
	( -0.605660 0.787441 0.000000 ) ( -0.709965 0.064383 -0.054577 )
	( -0.033627 0.450514 -0.052612 ) ( 0.086921 0.683080 0.083979 )
}

frame 0 {
	0.000000 0.000000 0.000000 -0.000000 0.000000 -0.000000
	0.301529 -0.000000 -0.271684 0.000000 0.704060 -0.710140
	-0.301500 0.000000 -0.271684 0.000000 0.742130 -0.670257
	0.000000 0.000000 0.000000 -0.000000 -0.707107 -0.707107
	0.605660 0.787441 -0.000000 0.711592 0.064490 -0.054438
	0.033625 0.450514 -0.052614 -0.088553 0.668776 0.082256
	0.000000 1.064614 0.000000 0.000000 0.334228 -0.000000
	-0.605660 0.787441 0.000000 0.709965 -0.064383 0.054577
	-0.033627 0.450514 -0.052612 -0.086921 -0.683080 -0.083979
}

frame 1 {
	0.000000 0.000000 0.000000 -0.000000 0.000000 -0.000000
	0.301529 -0.000000 -0.271684 0.000000 0.704060 -0.710140
	-0.301500 0.000000 -0.271684 -0.034077 0.741267 -0.669478
	0.000000 0.000000 0.000000 0.017076 0.706901 0.706901
	0.605660 0.787441 -0.000000 0.711592 0.064490 -0.054438
	0.033625 0.450514 -0.052614 -0.088553 0.668776 0.082256
	-0.000000 1.064614 -0.000000 -0.000000 0.334228 0.000000
	-0.605659 0.787441 0.000000 0.709965 -0.064383 0.054577
	-0.033627 0.450514 -0.052612 -0.086921 -0.683080 -0.083979
}

frame 2 {
	0.000000 0.000000 0.000000 -0.000000 0.000000 -0.000000
	0.301529 -0.000000 -0.271684 0.000000 0.704060 -0.710140
	-0.301500 0.000000 -0.271684 -0.105913 0.733757 -0.662695
	0.000000 0.000000 0.000000 0.053477 0.705082 0.705082
	0.605660 0.787441 -0.000000 0.711592 0.064490 -0.054438
	0.033625 0.450514 -0.052614 -0.088553 0.668776 0.082256
	-0.000000 1.064614 0.000000 -0.000000 0.334228 -0.000000
	-0.605660 0.787441 0.000000 0.709965 -0.064382 0.054577
	-0.033627 0.450514 -0.052612 -0.086921 -0.683080 -0.083979
}

frame 3 {
	0.000000 0.000000 0.000000 -0.000000 0.000000 -0.000000
	0.301529 -0.000000 -0.271684 0.000000 0.704060 -0.710140
	-0.301500 0.000000 -0.271684 -0.138503 0.727754 -0.657273
	0.000000 0.000000 0.000000 0.070360 0.703598 0.703598
	0.605660 0.787441 -0.000000 0.711592 0.064490 -0.054438
	0.033625 0.450514 -0.052614 -0.088553 0.668776 0.082256
	-0.000000 1.064614 0.000000 -0.000000 0.334228 -0.000000
	-0.605660 0.787441 0.000000 0.709965 -0.064382 0.054577
	-0.033627 0.450514 -0.052612 -0.086921 -0.683080 -0.083979
}

frame 4 {
	0.000000 0.000000 0.000000 -0.000000 0.000000 -0.000000
	0.301529 -0.000000 -0.271684 0.000000 0.704060 -0.710140
	-0.301500 0.000000 -0.271684 -0.114727 0.732296 -0.661376
	0.000000 0.000000 0.000000 0.045613 0.705634 0.705634
	0.605660 0.787441 -0.000000 0.711592 0.064490 -0.054438
	0.033625 0.450514 -0.052614 -0.088553 0.668776 0.082256
	-0.000000 1.064614 -0.000000 0.000000 0.334228 0.000000
	-0.605660 0.787441 0.000000 0.709965 -0.064383 0.054577
	-0.033627 0.450514 -0.052612 -0.086921 -0.683080 -0.083979
}

frame 5 {
	0.000000 0.000000 0.000000 -0.000000 0.000000 -0.000000
	0.301529 -0.000000 -0.271684 0.000000 0.704060 -0.710140
	-0.301500 0.000000 -0.271684 -0.070270 0.738456 -0.666939
	0.000000 0.000000 0.000000 -0.000000 -0.707107 -0.707107
	0.605660 0.787441 -0.000000 0.711592 0.064490 -0.054438
	0.033625 0.450514 -0.052614 -0.088553 0.668776 0.082256
	0.000000 1.064614 0.000000 0.000000 0.334228 -0.000000
	-0.605660 0.787441 0.000000 0.709965 -0.064383 0.054577
	-0.033627 0.450514 -0.052612 -0.086921 -0.683080 -0.083979
}

frame 6 {
	0.000000 0.000000 0.000000 -0.000000 0.000000 -0.000000
	0.301529 -0.000000 -0.271684 -0.070359 -0.700566 0.706616
	-0.301500 0.000000 -0.271684 -0.024955 0.741667 -0.669839
	0.000000 0.000000 0.000000 0.045612 -0.705634 -0.705634
	0.605660 0.787441 -0.000000 0.711592 0.064490 -0.054438
	0.033625 0.450514 -0.052614 -0.088553 0.668776 0.082256
	0.000000 1.064614 -0.000000 -0.000000 0.334228 -0.000000
	-0.605660 0.787441 0.000000 0.709965 -0.064382 0.054577
	-0.033627 0.450514 -0.052612 -0.086921 -0.683080 -0.083979
}

frame 7 {
	0.000000 0.000000 0.000000 -0.000000 0.000000 -0.000000
	0.301529 -0.000000 -0.271684 -0.138674 -0.690388 0.696350
	-0.301500 0.000000 -0.271684 0.000000 0.742130 -0.670257
	0.000000 0.000000 0.000000 0.070360 -0.703598 -0.703598
	0.605660 0.787441 -0.000000 0.711592 0.064490 -0.054438
	0.033625 0.450514 -0.052614 -0.088553 0.668776 0.082256
	0.000000 1.064614 -0.000000 0.000000 0.334228 0.000000
	-0.605660 0.787441 0.000000 0.709965 -0.064383 0.054577
	-0.033627 0.450514 -0.052612 -0.086921 -0.683080 -0.083979
}

frame 8 {
	0.000000 0.000000 0.000000 -0.000000 0.000000 -0.000000
	0.301529 -0.000000 -0.271684 -0.106047 -0.696098 0.702109
	-0.301500 0.000000 -0.271684 0.000000 0.742130 -0.670257
	0.000000 0.000000 0.000000 0.053477 -0.705082 -0.705082
	0.605660 0.787441 -0.000000 0.711592 0.064490 -0.054438
	0.033625 0.450514 -0.052614 -0.088553 0.668776 0.082256
	0.000000 1.064614 -0.000000 -0.000000 0.334228 -0.000000
	-0.605660 0.787441 0.000000 0.709965 -0.064383 0.054577
	-0.033627 0.450514 -0.052612 -0.086921 -0.683080 -0.083979
}

frame 9 {
	0.000000 0.000000 0.000000 -0.000000 0.000000 -0.000000
	0.301529 -0.000000 -0.271684 -0.034120 -0.703240 0.709313
	-0.301500 0.000000 -0.271684 0.000000 0.742130 -0.670257
	0.000000 0.000000 0.000000 0.017075 -0.706901 -0.706901
	0.605660 0.787441 -0.000000 0.711592 0.064490 -0.054438
	0.033625 0.450514 -0.052614 -0.088553 0.668776 0.082256
	0.000000 1.064614 -0.000000 0.000000 0.334228 -0.000000
	-0.605660 0.787441 0.000000 0.709965 -0.064383 0.054577
	-0.033627 0.450514 -0.052612 -0.086921 -0.683080 -0.083979
}

frame 10 {
	0.000000 0.000000 0.000000 -0.000000 0.000000 -0.000000
	0.301529 -0.000000 -0.271684 0.000000 0.704060 -0.710140
	-0.301500 0.000000 -0.271684 0.000000 0.742130 -0.670257
	0.000000 0.000000 0.000000 -0.000000 -0.707107 -0.707107
	0.605660 0.787441 -0.000000 0.711592 0.064490 -0.054438
	0.033625 0.450514 -0.052614 -0.088553 0.668776 0.082256
	0.000000 1.064614 0.000000 0.000000 0.334228 -0.000000
	-0.605660 0.787441 0.000000 0.709965 -0.064383 0.054577
	-0.033627 0.450514 -0.052612 -0.086921 -0.683080 -0.083979
}

