MD5Version 10
commandline ""

numFrames 2
numJoints 9
frameRate 24
numAnimatedComponents 54

hierarchy {
	"Pelvis"	-1 63 0	//
	"Leg.L"	0 63 6	// Pelvis
	"Leg.R"	0 63 12	// Pelvis
	"Torso"	0 63 18	// Pelvis
	"Arm.R"	3 63 24	// Torso
	"Hand.R"	4 63 30	// Arm.R
	"Head"	3 63 36	// Torso
	"Arm.L"	3 63 42	// Torso
	"Hand.L"	7 63 48	// Arm.L
}

bounds {
	( -0.992253 -0.992253 -0.992253 ) ( -0.992253 2.374975 1.980100 )
	( -0.992253 -0.992253 -0.992253 ) ( -0.992253 2.374975 1.980100 )
}

baseframe {
	( 0.000000 0.000000 0.000000 ) ( 0.000000 -0.000000 0.000000 )
	( 0.301529 -0.000000 -0.271684 ) ( -0.000000 -0.704060 0.710140 )
	( -0.301500 0.000000 -0.271684 ) ( 0.000000 0.742130 -0.670257 )
	( 0.000000 0.000000 0.000000 ) ( 0.000000 0.707107 0.707107 )
	( 0.605660 0.787441 -0.000000 ) ( 0.996210 0.083998 0.008048 )
	( 0.033625 0.450514 -0.052614 ) ( 0.120845 -0.007552 -0.002047 )
	( 0.000000 1.064614 0.000000 ) ( -0.000000 -0.334228 0.000000 )
	( -0.605660 0.787441 0.000000 ) ( 0.996321 -0.084046 -0.007552 )
	( -0.033627 0.450514 -0.052612 ) ( 0.048234 0.906476 0.110820 )
}

frame 0 {
	0.000000 0.000000 0.000000 -0.000000 0.000000 -0.000000
	0.301529 -0.000000 -0.271684 0.000000 0.704060 -0.710140
	-0.301500 0.000000 -0.271684 0.000000 0.742130 -0.670257
	0.000000 0.000000 0.000000 -0.000000 -0.707107 -0.707107
	0.605660 0.787441 -0.000000 -0.996210 -0.083998 -0.008048
	0.033625 0.450514 -0.052614 -0.120845 0.007552 0.002047
	0.000000 1.064614 0.000000 0.000000 0.334228 -0.000000
	-0.605660 0.787441 0.000000 -0.996321 0.084046 0.007552
	-0.033627 0.450514 -0.052612 -0.048234 -0.906476 -0.110820
}

frame 1 {
	0.000000 0.000000 0.000000 -0.000000 0.000000 -0.000000
	0.301529 -0.000000 -0.271684 0.000000 0.704060 -0.710140
	-0.301500 0.000000 -0.271684 0.000000 0.742130 -0.670257
	0.000000 0.000000 0.000000 -0.000000 -0.707107 -0.707107
	0.605660 0.787441 -0.000000 -0.996210 -0.083998 -0.008048
	0.033625 0.450514 -0.052614 -0.120845 0.007552 0.002047
	0.000000 1.064614 0.000000 0.000000 0.334228 -0.000000
	-0.605660 0.787441 0.000000 -0.996321 0.084046 0.007552
	-0.033627 0.450514 -0.052612 -0.048234 -0.906476 -0.110820
}

