MD5Version 10
commandline ""

numFrames 6
numJoints 9
frameRate 24
numAnimatedComponents 54

hierarchy {
	"Pelvis"	-1 63 0	//
	"Leg.L"	0 63 6	// Pelvis
	"Leg.R"	0 63 12	// Pelvis
	"Torso"	0 63 18	// Pelvis
	"Arm.R"	3 63 24	// Torso
	"Hand.R"	4 63 30	// Arm.R
	"Head"	3 63 36	// Torso
	"Arm.L"	3 63 42	// Torso
	"Hand.L"	7 63 48	// Arm.L
}

bounds {
	( -0.719907 -0.719907 -0.719907 ) ( -0.719907 2.697718 1.980100 )
	( -0.732646 -0.732646 -0.732646 ) ( -0.732646 2.697718 1.980100 )
	( -0.756956 -0.756956 -0.756956 ) ( -0.756956 2.697718 1.980100 )
	( -0.766051 -0.766051 -0.766051 ) ( -0.766051 2.697718 1.980100 )
	( -0.745511 -0.745511 -0.745511 ) ( -0.745511 2.697718 1.980100 )
	( -0.719907 -0.719907 -0.719907 ) ( -0.719907 2.697718 1.980100 )
}

baseframe {
	( 0.000000 0.000000 0.000000 ) ( 0.000000 -0.000000 0.152482 )
	( 0.301529 0.000000 -0.271684 ) ( -0.135998 0.818263 -0.541714 )
	( -0.301500 -0.000000 -0.271684 ) ( -0.136596 0.561006 -0.804957 )
	( 0.000000 0.000000 -0.000000 ) ( 0.000000 0.707107 0.707107 )
	( 0.605660 0.787441 -0.000000 ) ( -0.775717 -0.069453 0.047946 )
	( 0.033625 0.450514 -0.052614 ) ( 0.120845 -0.007552 -0.002047 )
	( 0.000000 1.064614 0.000000 ) ( 0.000000 -0.422575 0.000000 )
	( -0.605660 0.787441 0.000000 ) ( -0.947364 0.081972 -0.020108 )
	( -0.033627 0.450514 -0.052612 ) ( 0.048234 0.906476 0.110820 )
}

frame 0 {
	0.000000 0.000000 0.000000 -0.000000 0.000000 -0.152482
	0.301529 0.000000 -0.271684 0.135998 -0.818263 0.541714
	-0.301500 -0.000000 -0.271684 0.136596 -0.561006 0.804957
	0.000000 0.000000 -0.000000 -0.000000 -0.707107 -0.707107
	0.605660 0.787441 -0.000000 0.775717 0.069453 -0.047946
	0.033625 0.450514 -0.052614 -0.120845 0.007552 0.002047
	0.000000 1.064614 0.000000 -0.000000 0.422575 -0.000000
	-0.605660 0.787441 0.000000 0.947364 -0.081972 0.020108
	-0.033627 0.450514 -0.052612 -0.048234 -0.906476 -0.110820
}

frame 1 {
	0.000000 0.000000 0.000000 -0.000000 0.000000 -0.152482
	0.301529 0.000000 -0.271684 0.135998 -0.818263 0.541714
	-0.301500 -0.000000 -0.271684 0.136596 -0.561006 0.804957
	0.000000 0.000000 -0.000000 -0.017075 -0.706901 -0.706901
	0.605660 0.787441 -0.000000 0.775875 0.066234 -0.074453
	0.033625 0.450514 -0.052614 -0.120845 0.007552 0.002047
	-0.000000 1.064614 0.000000 -0.000000 0.422575 -0.000000
	-0.605660 0.787441 0.000000 0.947364 -0.081972 0.020108
	-0.033627 0.450514 -0.052612 -0.048234 -0.906476 -0.110820
}

frame 2 {
	0.000000 0.000000 0.000000 -0.000000 0.000000 -0.152482
	0.301529 0.000000 -0.271684 0.135998 -0.818263 0.541714
	-0.301500 -0.000000 -0.271684 0.136596 -0.561006 0.804957
	0.000000 0.000000 -0.000000 -0.053477 -0.705082 -0.705082
	0.605660 0.787441 -0.000000 0.774347 0.059211 -0.130795
	0.033625 0.450514 -0.052614 -0.120845 0.007552 0.002047
	0.000000 1.064614 -0.000000 0.000000 0.422575 -0.000000
	-0.605660 0.787441 0.000000 0.947364 -0.081972 0.020108
	-0.033627 0.450514 -0.052612 -0.048234 -0.906476 -0.110820
}

frame 3 {
	0.000000 0.000000 0.000000 -0.000000 0.000000 -0.152482
	0.301529 0.000000 -0.271684 0.135998 -0.818263 0.541714
	-0.301500 -0.000000 -0.271684 0.136596 -0.561006 0.804957
	0.000000 0.000000 -0.000000 -0.070360 -0.703598 -0.703598
	0.605660 0.787441 -0.000000 0.772776 0.055881 -0.156828
	0.033625 0.450514 -0.052614 -0.120845 0.007552 0.002047
	0.000000 1.064614 -0.000000 0.000000 0.422575 0.000000
	-0.605660 0.787441 0.000000 0.947364 -0.081972 0.020108
	-0.033627 0.450514 -0.052612 -0.048234 -0.906476 -0.110820
}

frame 4 {
	0.000000 0.000000 0.000000 -0.000000 0.000000 -0.152482
	0.301529 0.000000 -0.271684 0.135998 -0.818263 0.541714
	-0.301500 -0.000000 -0.271684 0.136596 -0.561006 0.804957
	0.000000 0.000000 -0.000000 -0.035311 -0.706225 -0.706225
	0.605660 0.787441 -0.000000 0.775427 0.062742 -0.102711
	0.033625 0.450514 -0.052614 -0.120845 0.007552 0.002047
	0.000000 1.064614 -0.000000 -0.000000 0.422575 0.000000
	-0.605660 0.787441 0.000000 0.947364 -0.081972 0.020108
	-0.033627 0.450514 -0.052612 -0.048234 -0.906476 -0.110820
}

frame 5 {
	0.000000 0.000000 0.000000 -0.000000 0.000000 -0.152482
	0.301529 0.000000 -0.271684 0.135998 -0.818263 0.541714
	-0.301500 -0.000000 -0.271684 0.136596 -0.561006 0.804957
	0.000000 0.000000 -0.000000 -0.000000 -0.707107 -0.707107
	0.605660 0.787441 -0.000000 0.775717 0.069453 -0.047946
	0.033625 0.450514 -0.052614 -0.120845 0.007552 0.002047
	0.000000 1.064614 0.000000 -0.000000 0.422575 -0.000000
	-0.605660 0.787441 0.000000 0.947364 -0.081972 0.020108
	-0.033627 0.450514 -0.052612 -0.048234 -0.906476 -0.110820
}

