MD5Version 10
commandline ""

numFrames 11
numJoints 9
frameRate 24
numAnimatedComponents 54

hierarchy {
	"Pelvis"	-1 63 0	//
	"Leg.L"	0 63 6	// Pelvis
	"Leg.R"	0 63 12	// Pelvis
	"Torso"	0 63 18	// Pelvis
	"Arm.R"	3 63 24	// Torso
	"Hand.R"	4 63 30	// Arm.R
	"Head"	3 63 36	// Torso
	"Arm.L"	3 63 42	// Torso
	"Hand.L"	7 63 48	// Arm.L
}

bounds {
	( -0.854162 -0.854162 -0.854162 ) ( -0.854162 2.745329 1.854371 )
	( -0.905452 -0.905452 -0.905452 ) ( -0.905452 2.716467 1.853895 )
	( -0.992918 -0.992918 -0.992918 ) ( -0.992918 2.494126 1.852968 )
	( -0.872720 -0.872720 -0.872720 ) ( -0.872720 2.506307 1.852705 )
	( -0.733673 -0.733673 -0.733673 ) ( -0.733673 2.717092 1.852428 )
	( -0.703990 -0.703990 -0.703990 ) ( -0.703990 2.789690 1.852315 )
	( -0.733673 -0.733673 -0.733673 ) ( -0.733673 2.717093 1.852428 )
	( -0.872720 -0.872720 -0.872720 ) ( -0.872720 2.506307 1.852705 )
	( -0.992918 -0.992918 -0.992918 ) ( -0.992918 2.494126 1.852968 )
	( -0.905452 -0.905452 -0.905452 ) ( -0.905452 2.716467 1.853895 )
	( -0.854162 -0.854162 -0.854162 ) ( -0.854162 2.745329 1.854371 )
}

baseframe {
	( 0.000000 0.000000 0.000000 ) ( 0.000000 -0.000000 0.000000 )
	( 0.301529 -0.000000 -0.271684 ) ( 0.000000 0.976535 -0.215358 )
	( -0.301500 0.000000 -0.271684 ) ( -0.000000 -0.337956 0.941162 )
	( 0.000000 0.000000 0.000000 ) ( 0.069006 0.552053 0.828079 )
	( 0.605660 0.787441 -0.000000 ) ( 0.933433 0.076647 0.035322 )
	( 0.033625 0.450514 -0.052614 ) ( 0.120845 -0.007552 -0.002047 )
	( 0.000000 0.994614 0.000000 ) ( 0.138375 -0.331013 -0.000000 )
	( -0.605660 0.787441 0.000000 ) ( -0.672443 0.061441 -0.057868 )
	( -0.033627 0.450514 -0.052612 ) ( 0.048234 0.906476 0.110820 )
}

frame 0 {
	0.000000 0.000000 0.000000 -0.000000 0.000000 -0.000000
	0.301529 -0.000000 -0.271684 0.000000 0.976535 -0.215358
	-0.301500 0.000000 -0.271684 0.000000 0.337956 -0.941162
	0.000000 0.000000 0.000000 -0.069006 -0.552053 -0.828079
	0.605660 0.787441 -0.000000 -0.933433 -0.076647 -0.035322
	0.033625 0.450514 -0.052614 -0.120845 0.007552 0.002047
	0.000000 0.994614 0.000000 -0.138375 0.331013 0.000000
	-0.605660 0.787441 0.000000 0.672443 -0.061441 0.057868
	-0.033627 0.450514 -0.052612 -0.048234 -0.906476 -0.110820
}

frame 1 {
	0.000000 0.000000 0.000000 -0.000000 0.000000 -0.000000
	0.301529 -0.000000 -0.271684 0.000000 0.957671 -0.287865
	-0.301500 0.000000 -0.271684 0.000000 0.415733 -0.909487
	0.000000 0.000000 0.000000 -0.056826 -0.552906 -0.829359
	0.605660 0.787441 -0.000000 -0.960961 -0.079508 -0.028300
	0.033625 0.450514 -0.052614 -0.120845 0.007552 0.002047
	0.000000 0.994614 -0.000000 -0.138375 0.331013 0.000000
	-0.605660 0.787441 0.000000 0.738148 -0.066575 0.051880
	-0.033627 0.450514 -0.052612 -0.048234 -0.906476 -0.110820
}

frame 2 {
	0.000000 0.000000 0.000000 -0.000000 0.000000 -0.000000
	0.301529 -0.000000 -0.271684 0.000000 0.859262 -0.511536
	-0.301500 0.000000 -0.271684 0.000000 0.638028 -0.770013
	0.000000 0.000000 0.000000 -0.022279 -0.554425 -0.831637
	0.605660 0.787441 -0.000000 0.995427 0.084364 0.002480
	0.033625 0.450514 -0.052614 -0.120845 0.007552 0.002047
	-0.000000 0.994614 0.000000 -0.138375 0.331013 0.000000
	-0.605660 0.787441 0.000000 0.916984 -0.079918 0.027147
	-0.033627 0.450514 -0.052612 -0.048234 -0.906476 -0.110820
}

frame 3 {
	0.000000 0.000000 0.000000 -0.000000 0.000000 -0.000000
	0.301529 -0.000000 -0.271684 0.000000 0.624692 -0.780872
	-0.301500 0.000000 -0.271684 0.000000 0.864316 -0.502949
	0.000000 0.000000 0.000000 -0.022280 0.554425 0.831637
	0.605660 0.787441 -0.000000 0.866880 0.076310 -0.036047
	0.033625 0.450514 -0.052614 -0.120845 0.007552 0.002047
	-0.000000 0.994614 0.000000 -0.138375 0.331013 0.000000
	-0.605660 0.787441 0.000000 -0.990266 0.082946 0.015599
	-0.033627 0.450514 -0.052612 -0.048234 -0.906476 -0.110820
}

frame 4 {
	0.000000 0.000000 0.000000 -0.000000 0.000000 -0.000000
	0.301529 -0.000000 -0.271684 0.000000 0.397713 -0.917510
	-0.301500 0.000000 -0.271684 0.000000 0.958861 -0.283875
	0.000000 0.000000 0.000000 -0.056827 0.552906 0.829359
	0.605660 0.787441 -0.000000 0.670487 0.061268 -0.058041
	0.033625 0.450514 -0.052614 -0.120845 0.007552 0.002047
	0.000000 0.994614 0.000000 -0.138375 0.331013 0.000000
	-0.605660 0.787441 0.000000 -0.899037 0.073228 0.041967
	-0.033627 0.450514 -0.052612 -0.048234 -0.906476 -0.110820
}

frame 5 {
	0.000000 0.000000 0.000000 -0.000000 0.000000 -0.000000
	0.301529 -0.000000 -0.271684 0.000000 0.319207 -0.947685
	-0.301500 0.000000 -0.271684 0.000000 0.977069 -0.212923
	0.000000 0.000000 0.000000 -0.069006 0.552053 0.828079
	0.605660 0.787441 -0.000000 0.600247 0.055701 -0.063403
	0.033625 0.450514 -0.052614 -0.120845 0.007552 0.002047
	0.000000 0.994614 0.000000 -0.138375 0.331013 0.000000
	-0.605660 0.787441 0.000000 -0.855004 0.068991 0.048619
	-0.033627 0.450514 -0.052612 -0.048234 -0.906476 -0.110820
}

frame 6 {
	0.000000 0.000000 0.000000 -0.000000 0.000000 -0.000000
	0.301529 -0.000000 -0.271684 0.000000 0.397713 -0.917510
	-0.301500 0.000000 -0.271684 0.000000 0.958861 -0.283875
	0.000000 0.000000 0.000000 -0.056827 0.552906 0.829359
	0.605660 0.787441 -0.000000 0.670487 0.061268 -0.058042
	0.033625 0.450514 -0.052614 -0.120845 0.007552 0.002047
	0.000000 0.994614 0.000000 -0.138375 0.331013 0.000000
	-0.605660 0.787441 0.000000 -0.899038 0.073228 0.041967
	-0.033627 0.450514 -0.052612 -0.048234 -0.906476 -0.110820
}

frame 7 {
	0.000000 0.000000 0.000000 -0.000000 0.000000 -0.000000
	0.301529 -0.000000 -0.271684 0.000000 0.624691 -0.780872
	-0.301500 0.000000 -0.271684 0.000000 0.864316 -0.502949
	0.000000 0.000000 0.000000 -0.022280 0.554425 0.831637
	0.605660 0.787441 -0.000000 0.866880 0.076310 -0.036047
	0.033625 0.450514 -0.052614 -0.120845 0.007552 0.002047
	0.000000 0.994614 0.000000 -0.138375 0.331013 0.000000
	-0.605660 0.787441 0.000000 -0.990266 0.082946 0.015599
	-0.033627 0.450514 -0.052612 -0.048234 -0.906476 -0.110820
}

frame 8 {
	0.000000 0.000000 0.000000 -0.000000 0.000000 -0.000000
	0.301529 -0.000000 -0.271684 0.000000 0.859262 -0.511536
	-0.301500 0.000000 -0.271684 0.000000 0.638028 -0.770013
	0.000000 0.000000 0.000000 -0.022279 -0.554425 -0.831637
	0.605660 0.787441 -0.000000 0.995427 0.084364 0.002480
	0.033625 0.450514 -0.052614 -0.120845 0.007552 0.002047
	0.000000 0.994614 0.000000 -0.138375 0.331013 0.000000
	-0.605660 0.787441 0.000000 0.916984 -0.079918 0.027147
	-0.033627 0.450514 -0.052612 -0.048234 -0.906476 -0.110820
}

frame 9 {
	0.000000 0.000000 0.000000 -0.000000 0.000000 -0.000000
	0.301529 -0.000000 -0.271684 0.000000 0.957671 -0.287864
	-0.301500 0.000000 -0.271684 0.000000 0.415733 -0.909487
	0.000000 0.000000 0.000000 -0.056826 -0.552906 -0.829359
	0.605660 0.787441 -0.000000 -0.960961 -0.079508 -0.028300
	0.033625 0.450514 -0.052614 -0.120845 0.007552 0.002047
	0.000000 0.994614 -0.000000 -0.138375 0.331013 0.000000
	-0.605660 0.787441 0.000000 0.738148 -0.066575 0.051880
	-0.033627 0.450514 -0.052612 -0.048234 -0.906476 -0.110820
}

frame 10 {
	0.000000 0.000000 0.000000 -0.000000 0.000000 -0.000000
	0.301529 -0.000000 -0.271684 0.000000 0.976535 -0.215358
	-0.301500 0.000000 -0.271684 0.000000 0.337956 -0.941162
	0.000000 0.000000 0.000000 -0.069006 -0.552053 -0.828079
	0.605660 0.787441 -0.000000 -0.933433 -0.076647 -0.035322
	0.033625 0.450514 -0.052614 -0.120845 0.007552 0.002047
	0.000000 0.994614 0.000000 -0.138375 0.331013 0.000000
	-0.605660 0.787441 0.000000 0.672443 -0.061441 0.057868
	-0.033627 0.450514 -0.052612 -0.048234 -0.906476 -0.110820
}

