MD5Version 10
commandline ""

numFrames 11
numJoints 9
frameRate 24
numAnimatedComponents 54

hierarchy {
	"Pelvis"	-1 63 0	//
	"Leg.L"	0 63 6	// Pelvis
	"Leg.R"	0 63 12	// Pelvis
	"Torso"	0 63 18	// Pelvis
	"Arm.R"	3 63 24	// Torso
	"Hand.R"	4 63 30	// Arm.R
	"Head"	3 63 36	// Torso
	"Arm.L"	3 63 42	// Torso
	"Hand.L"	7 63 48	// Arm.L
}

bounds {
	( -0.941285 -0.941285 -0.941285 ) ( -0.941285 2.764512 1.980100 )
	( -0.951004 -0.951004 -0.951004 ) ( -0.951004 2.693825 1.980100 )
	( -0.987006 -0.987006 -0.987006 ) ( -0.987006 2.396734 1.980100 )
	( -0.986334 -0.986334 -0.986334 ) ( -0.986334 2.546092 1.980100 )
	( -0.950550 -0.950550 -0.950550 ) ( -0.950550 2.914063 1.980100 )
	( -0.933242 -0.933242 -0.933242 ) ( -0.933242 2.983300 1.980100 )
	( -0.950550 -0.950550 -0.950550 ) ( -0.950550 2.914063 1.980100 )
	( -0.986334 -0.986334 -0.986334 ) ( -0.986334 2.546092 1.980100 )
	( -0.987006 -0.987006 -0.987006 ) ( -0.987006 2.396734 1.980100 )
	( -0.951004 -0.951004 -0.951004 ) ( -0.951004 2.693825 1.980100 )
	( -0.941285 -0.941285 -0.941285 ) ( -0.941285 2.764512 1.980100 )
}

baseframe {
	( 0.000000 0.000000 0.000000 ) ( 0.000000 -0.000000 0.000000 )
	( 0.301529 -0.000000 -0.271684 ) ( 0.000000 0.919500 -0.393091 )
	( -0.301500 0.000000 -0.271684 ) ( -0.000000 -0.367168 0.930155 )
	( 0.000000 0.000000 0.000000 ) ( 0.000000 0.707107 0.707107 )
	( 0.605660 0.787441 -0.000000 ) ( 0.926804 0.075979 0.036737 )
	( 0.033625 0.450514 -0.052614 ) ( 0.120845 -0.007552 -0.002047 )
	( 0.000000 1.064614 0.000000 ) ( -0.000000 -0.530333 -0.000000 )
	( -0.605660 0.787441 0.000000 ) ( -0.868375 0.076435 -0.035797 )
	( -0.033627 0.450514 -0.052612 ) ( 0.048234 0.906476 0.110820 )
}

frame 0 {
	0.000000 0.000000 0.000000 -0.000000 0.000000 -0.000000
	0.301529 -0.000000 -0.271684 0.000000 0.919500 -0.393091
	-0.301500 0.000000 -0.271684 0.000000 0.367168 -0.930155
	0.000000 0.000000 0.000000 -0.000000 -0.707107 -0.707107
	0.605660 0.787441 -0.000000 -0.926804 -0.075979 -0.036737
	0.033625 0.450514 -0.052614 -0.120845 0.007552 0.002047
	0.000000 1.064614 0.000000 0.000000 0.530333 0.000000
	-0.605660 0.787441 0.000000 0.868375 -0.076435 0.035797
	-0.033627 0.450514 -0.052612 -0.048234 -0.906476 -0.110820
}

frame 1 {
	0.000000 0.000000 0.000000 -0.000000 0.000000 -0.000000
	0.301529 -0.000000 -0.271684 0.000000 0.889084 -0.457744
	-0.301500 0.000000 -0.271684 0.000000 0.426292 -0.904585
	0.000000 0.000000 0.000000 -0.000000 -0.707107 -0.707107
	0.605660 0.787441 -0.000000 -0.950133 -0.078362 -0.031332
	0.033625 0.450514 -0.052614 -0.120845 0.007552 0.002047
	0.000000 1.064614 0.000000 0.000000 0.496753 0.000000
	-0.605660 0.787441 0.000000 0.905041 -0.079079 0.029500
	-0.033627 0.450513 -0.052612 -0.048234 -0.906476 -0.110820
}

frame 2 {
	0.000000 0.000000 0.000000 -0.000000 0.000000 -0.000000
	0.301529 -0.000000 -0.271684 0.000000 0.769375 -0.638797
	-0.301500 0.000000 -0.271684 0.000000 0.594929 -0.803778
	0.000000 0.000000 0.000000 -0.000000 -0.707107 -0.707107
	0.605660 0.787441 -0.000000 -0.992518 -0.083274 -0.013695
	0.033625 0.450514 -0.052614 -0.120845 0.007552 0.002047
	0.000000 1.064614 0.000000 -0.000000 0.395703 -0.000000
	-0.605660 0.787441 0.000000 0.982166 -0.084024 0.007993
	-0.033627 0.450514 -0.052612 -0.048234 -0.906476 -0.110820
}

frame 3 {
	0.000000 0.000000 0.000000 -0.000000 0.000000 -0.000000
	0.301529 -0.000000 -0.271684 0.000000 0.555160 -0.831743
	-0.301500 0.000000 -0.271684 0.000000 0.786567 -0.617505
	0.000000 0.000000 0.000000 -0.000000 -0.707107 -0.707107
	0.605660 0.787441 -0.000000 0.974430 0.083614 -0.011460
	0.033625 0.450514 -0.052614 -0.120845 0.007552 0.002047
	0.000000 1.064614 0.000000 0.000000 0.256431 0.000000
	-0.605660 0.787441 0.000000 -0.976174 0.081193 0.023046
	-0.033627 0.450514 -0.052612 -0.048234 -0.906476 -0.110820
}

frame 4 {
	0.000000 0.000000 0.000000 -0.000000 0.000000 -0.000000
	0.301529 -0.000000 -0.271684 0.000000 0.372655 -0.927970
	-0.301500 0.000000 -0.271684 0.000000 0.893272 -0.449516
	0.000000 0.000000 0.000000 -0.000000 -0.707107 -0.707107
	0.605660 0.787441 -0.000000 0.905776 0.079117 -0.029378
	0.033625 0.450513 -0.052614 -0.120845 0.007552 0.002047
	0.000000 1.064614 0.000000 -0.000000 0.145786 0.000000
	-0.605660 0.787441 0.000000 -0.890986 0.072444 0.043306
	-0.033627 0.450514 -0.052612 -0.048234 -0.906476 -0.110820
}

frame 5 {
	0.000000 0.000000 0.000000 -0.000000 0.000000 -0.000000
	0.301529 -0.000000 -0.271684 0.000000 0.310365 -0.950618
	-0.301500 0.000000 -0.271684 0.000000 0.920849 -0.389919
	0.000000 0.000000 0.000000 -0.000000 -0.707107 -0.707107
	0.605660 0.787441 -0.000000 0.874061 0.076835 -0.034913
	0.033625 0.450514 -0.052614 -0.120845 0.007552 0.002047
	0.000000 1.064614 0.000000 -0.000000 0.106964 0.000000
	-0.605660 0.787441 0.000000 -0.852001 0.068706 0.049021
	-0.033627 0.450514 -0.052612 -0.048234 -0.906476 -0.110820
}

frame 6 {
	0.000000 0.000000 0.000000 -0.000000 0.000000 -0.000000
	0.301529 -0.000000 -0.271684 0.000000 0.372655 -0.927970
	-0.301500 0.000000 -0.271684 0.000000 0.893272 -0.449516
	0.000000 0.000000 0.000000 -0.000000 -0.707107 -0.707107
	0.605660 0.787441 -0.000000 0.905776 0.079117 -0.029378
	0.033625 0.450513 -0.052614 -0.120845 0.007552 0.002047
	0.000000 1.064614 0.000000 -0.000000 0.145786 0.000000
	-0.605660 0.787441 0.000000 -0.890986 0.072444 0.043306
	-0.033627 0.450514 -0.052612 -0.048234 -0.906476 -0.110820
}

frame 7 {
	0.000000 0.000000 0.000000 -0.000000 0.000000 -0.000000
	0.301529 -0.000000 -0.271684 0.000000 0.555160 -0.831743
	-0.301500 0.000000 -0.271684 0.000000 0.786567 -0.617505
	0.000000 0.000000 0.000000 -0.000000 -0.707107 -0.707107
	0.605660 0.787441 -0.000000 0.974430 0.083614 -0.011460
	0.033625 0.450513 -0.052614 -0.120845 0.007552 0.002047
	0.000000 1.064614 0.000000 0.000000 0.256431 0.000000
	-0.605660 0.787441 0.000000 -0.976174 0.081193 0.023046
	-0.033627 0.450514 -0.052612 -0.048234 -0.906476 -0.110820
}

frame 8 {
	0.000000 0.000000 0.000000 -0.000000 0.000000 -0.000000
	0.301529 -0.000000 -0.271684 0.000000 0.769375 -0.638797
	-0.301500 0.000000 -0.271684 0.000000 0.594929 -0.803778
	0.000000 0.000000 0.000000 -0.000000 -0.707107 -0.707107
	0.605660 0.787441 -0.000000 -0.992518 -0.083274 -0.013695
	0.033625 0.450514 -0.052614 -0.120845 0.007552 0.002047
	0.000000 1.064614 0.000000 -0.000000 0.395703 -0.000000
	-0.605660 0.787441 0.000000 0.982166 -0.084024 0.007993
	-0.033627 0.450514 -0.052612 -0.048234 -0.906476 -0.110820
}

frame 9 {
	0.000000 0.000000 0.000000 -0.000000 0.000000 -0.000000
	0.301529 -0.000000 -0.271684 0.000000 0.889084 -0.457744
	-0.301500 0.000000 -0.271684 0.000000 0.426292 -0.904585
	0.000000 0.000000 0.000000 -0.000000 -0.707107 -0.707107
	0.605660 0.787441 -0.000000 -0.950133 -0.078362 -0.031332
	0.033625 0.450514 -0.052614 -0.120845 0.007552 0.002047
	0.000000 1.064614 0.000000 0.000000 0.496753 0.000000
	-0.605660 0.787441 0.000000 0.905041 -0.079079 0.029500
	-0.033627 0.450514 -0.052612 -0.048234 -0.906476 -0.110820
}

frame 10 {
	0.000000 0.000000 0.000000 -0.000000 0.000000 -0.000000
	0.301529 -0.000000 -0.271684 0.000000 0.919500 -0.393091
	-0.301500 0.000000 -0.271684 0.000000 0.367168 -0.930155
	0.000000 0.000000 0.000000 -0.000000 -0.707107 -0.707107
	0.605660 0.787441 -0.000000 -0.926804 -0.075979 -0.036737
	0.033625 0.450514 -0.052614 -0.120845 0.007552 0.002047
	0.000000 1.064614 0.000000 0.000000 0.530333 0.000000
	-0.605660 0.787441 0.000000 0.868375 -0.076435 0.035797
	-0.033627 0.450514 -0.052612 -0.048234 -0.906476 -0.110820
}

